47477010190	1
47479707782	1
47479858916	1
47481375726	1
47482903042	1
47487817085	1
47487880557	1
47488091936	1
47489611590	1
47491145285	1
47491730728	1
47492426419	1
47492488000	1
47492652539	1
47494880398	1
47495098742	1
47495106383	1
47495759516	1
47497152932	1
47497654579	1
47497849947	1
47498182859	1
47498188485	1
47498494168	1
47500637719	1
47502324706	1
47502438260	1
47502441794	1
47502443214	1
47505622389	1
47506807511	1
47507659381	1
47508009690	1
47509236860	1
47511229974	1
47514073683	1
47514953624	1
47516747115	1
47519095892	1
47522025643	1
47522767599	1
47424004590	1
47424419518	1
47424689928	1
47425109841	1
47425329620	1
47425400275	1
47427927746	1
47428323540	1
47428496524	1
47428504686	1
47428979432	1
47430569271	1
47432130405	1
47432880994	1
47432974312	1
47432987583	1
47432992604	1
47433082592	1
47433134992	1
47433192459	1
47433290715	1
47433521270	1
47433979829	1
47434266184	1
47436020859	1
47436182658	1
47439363870	1
47443507489	1
47445593439	1
47446406611	1
47446452809	1
47446549191	1
47446650129	1
47447245794	1
47447281193	1
47447894344	1
47448448339	1
47450251030	1
47451287585	1
47451707708	1
47452257287	1
47452754360	1
47452944534	1
47453035111	1
47453286335	1
47453371741	1
47453409062	1
47454382600	1
47455016907	1
47456215781	1
47458297063	1
47458307539	1
47458403098	1
47458536005	1
47460071533	1
47460144192	1
47460594661	1
47461772185	1
47462169023	1
47465196245	1
47466047957	1
47466242310	1
47467021299	1
47467799996	1
47470254777	1
47470265102	1
47474978571	1
47272765523	1
47273031673	1
47273554270	1
47275712939	1
47275896398	1
47276167851	1
47278140603	1
47278372374	1
47281017323	1
47281615983	1
47281652092	1
47285751669	1
47286253445	1
47286913284	1
47289843926	1
47290883643	1
47291106052	1
47292056347	1
47292257873	1
47292602759	1
47292822764	1
47292979033	1
47294332075	1
47294973839	1
47297137203	1
47297267436	1
47297316891	1
47301111078	1
47301710832	1
47302122576	1
47302860137	1
47304946113	1
47306669111	1
47307794556	1
47312255914	1
47312352502	1
47313086291	1
47313285145	1
47313442247	1
47313475489	1
47313669418	1
47314663639	1
47314998060	1
47315249158	1
47316067986	1
47317623326	1
47317759754	1
47223590832	1
47224235518	1
47224978057	1
47226411927	1
47227209838	1
47227291548	1
47227597884	1
47230132048	1
47231481659	1
47232957871	1
47233541179	1
47235972229	1
47236231054	1
47236814529	1
47237431137	1
47237974164	1
47238051888	1
47240075108	1
47241661005	1
47241696475	1
47241698111	1
47242471963	1
47242513694	1
47243651907	1
47244248128	1
47244534282	1
47244546076	1
47244588637	1
47245190610	1
47246644685	1
47247790643	1
47248260822	1
47248333911	1
47248334821	1
47248982589	1
47250309685	1
47250381274	1
47251615223	1
47253889039	1
47254354936	1
47255455956	1
47255503169	1
47256997120	1
47257269965	1
47257470481	1
47259744553	1
47259780077	1
47261321652	1
47264213963	1
47264424924	1
47265395755	1
47265608438	1
47266649737	1
47266757495	1
47266999085	1
47268181214	1
47268655227	1
47271151562	1
47175222556	1
47175522800	1
47176248817	1
47176629773	1
47176637087	1
47176734520	1
47176942971	1
47177741873	1
47178184295	1
47178296023	1
47178455039	1
47178605156	1
47178606917	1
47178773926	1
47178841109	1
47178960436	1
47179068785	1
47179069014	1
47179132627	1
47179206653	1
47179220107	1
47179279853	1
47179693366	1
47179732451	1
47179750638	1
47180085103	1
47180922022	1
47181066546	1
47181593884	1
47181701468	1
47181771205	1
47182655921	1
47182658018	1
47182898798	1
47182907115	1
47183440614	1
47183567437	1
47183778372	1
47183807291	1
47183934216	1
47184012708	1
47184433937	1
47184458190	1
47184866255	1
47185071065	1
47185174418	1
47185639136	1
47186094264	1
47186220587	1
47186611991	1
47187132138	1
47187259912	1
47187987908	1
47187991768	1
47188346843	1
47189057911	1
47189157674	1
47189179530	1
47189866720	1
47189995395	1
47190581421	1
47191035086	1
47191615042	1
47191630895	1
47191896689	1
47192004498	1
47192158403	1
47192281015	1
47193087845	1
47193342449	1
47193746582	1
47194022418	1
47194209023	1
47194631055	1
47195255330	1
47195371139	1
47195528995	1
47195569328	1
47195833133	1
47196077781	1
47197096831	1
47197693992	1
47197705098	1
47197843660	1
47197965720	1
47197988931	1
47198149530	1
47198286930	1
47198940523	1
47198972741	1
47199027718	1
47199677740	1
47199849768	1
47200176994	1
47200308025	1
47200364917	1
47200759018	1
47201149371	1
47201246717	1
47201509732	1
47201698042	1
47201935394	1
47202147956	1
47202841470	1
47202936441	1
47202996933	1
47203899808	1
47204016179	1
47204597728	1
47204986132	1
47205726967	1
47206131110	1
47207159646	1
47207527347	1
47208321004	1
47210165531	1
47210999959	1
47211834164	1
47211923786	1
47213698535	1
47214028412	1
47214682799	1
47215081244	1
47215326755	1
47216820052	1
47217947415	1
47218090138	1
47220723914	1
47221817397	1
47222657801	1
47176031229	1
47178269852	1
47179107501	1
47180825551	1
47183544189	1
47186311367	1
47186778143	1
47187420264	1
47188462498	1
47188655377	1
47189179924	1
47189369746	1
47190258077	1
47193333380	1
47193473369	1
47193985484	1
47194875579	1
47195067739	1
47195106093	1
47195239974	1
47195490437	1
47195842309	1
47196075955	1
47196169956	1
47196981600	1
47197737957	1
47198495514	1
47198514006	1
47199375458	1
47199623833	1
47200723466	1
47200731981	1
47201285985	1
47201536034	1
47205460255	1
47206011487	1
47206619230	1
47209764368	1
47210054763	1
47210763134	1
47213795138	1
47213981461	1
47215106161	1
47215758117	1
47216815352	1
47216851863	1
47217002890	1
47217292442	1
47217300437	1
47217304761	1
47217442434	1
47217649999	1
47218254331	1
47218338883	1
47218340947	1
47221174788	1
47129578336	1
47129989641	1
47130588021	1
47131380060	1
47131787411	1
47133929096	1
47135471918	1
47136503529	1
47137562353	1
47138501152	1
47138719842	1
47139621927	1
47142290396	1
47142628612	1
47145083103	1
47145148837	1
47147980919	1
47148349459	1
47148529732	1
47148653734	1
47150217330	1
47151035039	1
47151233547	1
47151473986	1
47151589271	1
47152580196	1
47152603163	1
47152754422	1
47152975393	1
47153167513	1
47153493442	1
47153592122	1
47153672582	1
47154303873	1
47154544917	1
47154880511	1
47154887329	1
47155354712	1
47160438514	1
47161037674	1
47166751216	1
47166773302	1
47167556248	1
47172741837	1
47174739393	1
47073311805	1
47073312344	1
47075775336	1
47075812903	1
47076283073	1
47076286207	1
47076376918	1
47080722504	1
47081623855	1
47081999612	1
47084402176	1
47086053610	1
47090502094	1
47091191572	1
47093912600	1
47095942761	1
47101291867	1
47101505973	1
47101812903	1
47101905318	1
47102633593	1
47103718181	1
47104041522	1
47104565120	1
47106056944	1
47106485295	1
47106681336	1
47107776078	1
47108298210	1
47108342803	1
47108343126	1
47108344082	1
47108345979	1
47108406517	1
47108409296	1
47108452056	1
47108452361	1
47108457499	1
47108477431	1
47108522769	1
47108523694	1
47108580029	1
47108593749	1
47108600006	1
47108618576	1
47108621047	1
47108629596	1
47108656169	1
47108680780	1
47108682849	1
47108701503	1
47108712734	1
47108731336	1
47108733244	1
47108739208	1
47108739732	1
47108754623	1
47108754706	1
47108788413	1
47108795900	1
47108840512	1
47108889510	1
47108894463	1
47108952461	1
47108971946	1
47108992772	1
47109001599	1
47109013877	1
47109015257	1
47109038027	1
47109040652	1
47109044841	1
47109091250	1
47109109007	1
47109117880	1
47109132183	1
47109143366	1
47109211397	1
47109228261	1
47109311867	1
47109333774	1
47109387846	1
47109471168	1
47109477395	1
47109514500	1
47109555653	1
47109712053	1
47109712954	1
47109853685	1
47109859676	1
47110031287	1
47110236035	1
47110506011	1
47110690044	1
47110743067	1
47110855071	1
47111116302	1
47111182443	1
47111217262	1
47111226383	1
47111236128	1
47111249329	1
47111331115	1
47111356475	1
47111442218	1
47111516053	1
47111579207	1
47111813773	1
47111903529	1
47111938435	1
47111958925	1
47111960983	1
47111984300	1
47112080929	1
47112124543	1
47112179866	1
47112212056	1
47112229785	1
47112276266	1
47112372025	1
47112382445	1
47112388845	1
47112427890	1
47113578900	1
47114426325	1
47117705854	1
47117975494	1
47118299715	1
47120151360	1
47120219147	1
47120316955	1
47120341285	1
47120397234	1
47120689091	1
47120894264	1
47121387917	1
47122023926	1
47122188741	1
47122922465	1
47123097861	1
47123160855	1
47123294940	1
47123877509	1
47124524329	1
47124965844	1
47125016347	1
47125730412	1
46921335725	1
46922633675	1
46925218234	1
46927369624	1
46927402522	1
46928255819	1
46934413479	1
46934631859	1
46935834677	1
46936501440	1
46936922206	1
46937089290	1
46937699394	1
46937986816	1
46938094314	1
46939205588	1
46939880414	1
46940088278	1
46940377227	1
46940638282	1
46941032472	1
46941153511	1
46941498259	1
46942064366	1
46943375379	1
46943448882	1
46943548187	1
46943549751	1
46943683671	1
46943839056	1
46944298214	1
46944577296	1
46945533552	1
46945740571	1
46946035164	1
46946146897	1
46946366559	1
46946572597	1
46946812493	1
46947147039	1
46947325932	1
46948338060	1
46948350394	1
46950090065	1
46953228165	1
46953448725	1
46954549881	1
46954558026	1
46954560898	1
46954784295	1
46954854123	1
46955053917	1
46955183244	1
46955223980	1
46955431114	1
46955432810	1
46955471303	1
46955488964	1
46955926907	1
46956030586	1
46956110021	1
46957575883	1
46957582168	1
46958478757	1
46958791480	1
46959835346	1
46960031104	1
46960173077	1
46960201888	1
46960256331	1
46960498001	1
46960662744	1
46961832192	1
46962752008	1
46963487755	1
46963952538	1
46967783776	1
46875361111	1
46875820471	1
46877713546	1
46878517392	1
46878822283	1
46880248411	1
46882193832	1
46883783012	1
46883825723	1
46884243637	1
46884271537	1
46884315352	1
46884326716	1
46884572656	1
46884578929	1
46884579930	1
46885060789	1
46885672290	1
46885705298	1
46886668005	1
46886678587	1
46886991094	1
46886998093	1
46887008214	1
46887010023	1
46887123050	1
46887317380	1
46887355347	1
46887375317	1
46887457732	1
46887494926	1
46889407115	1
46890014061	1
46890236180	1
46890237173	1
46890238495	1
46890283842	1
46891758897	1
46891947218	1
46892538786	1
46893645810	1
46893648940	1
46893653938	1
46893665446	1
46893668097	1
46893670849	1
46893726283	1
46893753074	1
46893781237	1
46893796496	1
46894018413	1
46894362777	1
46894467262	1
46894475630	1
46894553341	1
46895078156	1
46895106539	1
46895331666	1
46896524416	1
46896807075	1
46896956514	1
46897113170	1
46897134445	1
46897485582	1
46897748036	1
46898955962	1
46899937064	1
46900140004	1
46900751559	1
46901124401	1
46901226383	1
46901707684	1
46903722315	1
46904234594	1
46904547064	1
46905203116	1
46906482615	1
46906807775	1
46907028926	1
46909761132	1
46911624909	1
46913104842	1
46915385404	1
46916102163	1
46916731072	1
46916807358	1
46917360482	1
46829100811	1
46829182449	1
46829644320	1
46829931904	1
46830180276	1
46830394832	1
46830591439	1
46831658646	1
46832094718	1
46832271446	1
46832346809	1
46832383144	1
46832415759	1
46832520996	1
46832524231	1
46832537859	1
46832724953	1
46832729211	1
46832781498	1
46832795889	1
46832805781	1
46832879213	1
46832947943	1
46833079927	1
46833180703	1
46833599864	1
46834041114	1
46834596275	1
46835053282	1
46835611116	1
46835664082	1
46836328218	1
46836362524	1
46836508134	1
46836926263	1
46837102580	1
46837841713	1
46838209993	1
46838234742	1
46838682937	1
46839505872	1
46839757457	1
46840212460	1
46840323873	1
46840492899	1
46840530038	1
46840589678	1
46840635384	1
46840869138	1
46840888781	1
46841054060	1
46841187912	1
46841589181	1
46841685446	1
46842628631	1
46842645385	1
46842801398	1
46842920271	1
46842976510	1
46843146867	1
46843388128	1
46843963058	1
46844465722	1
46844485597	1
46845356772	1
46845795005	1
46845893827	1
46846238630	1
46846430296	1
46847017410	1
46847550143	1
46847631390	1
46847727422	1
46847812012	1
46847991259	1
46848142671	1
46848228625	1
46848277073	1
46848474367	1
46849074470	1
46849560342	1
46849582550	1
46849734727	1
46849863962	1
46849888345	1
46850008719	1
46850126939	1
46850440780	1
46850526292	1
46850858367	1
46850930448	1
46851355512	1
46852058899	1
46852813690	1
46853226412	1
46853336794	1
46854067379	1
46854093157	1
46854617687	1
46855077310	1
46855403680	1
46855813255	1
46856179372	1
46856294873	1
46856762534	1
46857225723	1
46857350123	1
46857383119	1
46857982581	1
46857995371	1
46858227240	1
46859195437	1
46859219814	1
46859370316	1
46860146528	1
46860471002	1
46860700867	1
46861313560	1
46861532720	1
46861876107	1
46862328829	1
46862370257	1
46862683400	1
46863538060	1
46864840425	1
46865373936	1
46865661414	1
46865696226	1
46867047650	1
46869580994	1
46869635104	1
46870143964	1
46870564718	1
46870586022	1
46871340416	1
46871375016	1
46871399320	1
46871430478	1
46871456173	1
46871458690	1
46871471783	1
46871495008	1
46871840109	1
46871993031	1
46872214472	1
46872476553	1
46872783306	1
46872967468	1
46873301317	1
46873673961	1
46874464164	1
46828766871	1
46829419719	1
46832827131	1
46833074117	1
46833449168	1
46835224168	1
46835331784	1
46837956204	1
46839165197	1
46839300266	1
46839441939	1
46839506900	1
46840701025	1
46842672477	1
46845203325	1
46845994151	1
46847611087	1
46849067372	1
46849331766	1
46849563099	1
46850455071	1
46851400911	1
46852243321	1
46854438177	1
46856034426	1
46857362122	1
46857424970	1
46857526148	1
46857582078	1
46858039392	1
46860126221	1
46860417589	1
46860449887	1
46860842331	1
46861060093	1
46861113545	1
46861355665	1
46862069461	1
46862212972	1
46865467043	1
46865580912	1
46867247494	1
46868734258	1
46869559147	1
46869604824	1
46871008815	1
46871348952	1
46871452833	1
46871479073	1
46871914406	1
46785529328	1
46786669671	1
46787208069	1
46787448259	1
46787562702	1
46788063354	1
46788266151	1
46789442976	1
46789810807	1
46791494948	1
46795348491	1
46795836196	1
46796566551	1
46798131342	1
46798167157	1
46799251756	1
46799959892	1
46800350209	1
46801680278	1
46802745608	1
46802809866	1
46803505661	1
46804145951	1
46804162673	1
46804659364	1
46805088521	1
46805107615	1
46805222170	1
46805672866	1
46806399566	1
46806446944	1
46807050533	1
46807512544	1
46807536238	1
46807974710	1
46808149884	1
46808430213	1
46809171424	1
46809436774	1
46815444191	1
46816893113	1
46816915900	1
46817036483	1
46818526664	1
46819321951	1
46819536454	1
46820154221	1
46820841754	1
46820871817	1
46821163765	1
46821208781	1
46821586458	1
46821608490	1
46822154586	1
46826620401	1
46827383258	1
46828133716	1
46731101127	1
46732917595	1
46735542421	1
46736204053	1
46737423551	1
46737696892	1
46740199855	1
46740220404	1
46743263818	1
46743738393	1
46743756629	1
46745291589	1
46745703892	1
46745760909	1
46752168800	1
46752227426	1
46752243806	1
46753038523	1
46756722101	1
46756772331	1
46763129983	1
46765962852	1
46767107307	1
46767877267	1
46768812298	1
46768866317	1
46768868345	1
46768899163	1
46768933148	1
46769011361	1
46769050379	1
46769059215	1
46769076856	1
46769088829	1
46769341298	1
46769399336	1
46769872523	1
46771292481	1
46772811107	1
46777652800	1
46777874847	1
46778750020	1
46779611063	1
46780212045	1
46781816108	1
46782563259	1
46783182169	1
46589898859	1
46590569627	1
46591073835	1
46591235875	1
46591407986	1
46592009637	1
46592546638	1
46593268293	1
46594371941	1
46595502133	1
46595592785	1
46595632563	1
46596048441	1
46598303179	1
46598322383	1
46598503386	1
46599417410	1
46600249284	1
46601315105	1
46601701956	1
46602944351	1
46602955588	1
46602978559	1
46603216815	1
46604505165	1
46604841585	1
46605329824	1
46607338899	1
46608414266	1
46608608427	1
46608927261	1
46609467998	1
46610016951	1
46610478342	1
46610751596	1
46610830332	1
46611484916	1
46612294586	1
46612451906	1
46612507463	1
46613187653	1
46613996145	1
46614328331	1
46615969641	1
46619073043	1
46619657729	1
46621004981	1
46621559954	1
46621975872	1
46622158009	1
46622746399	1
46622872852	1
46623853520	1
46624528454	1
46624632863	1
46626032294	1
46626511873	1
46626542706	1
46628982049	1
46629222454	1
46629321956	1
46632877410	1
46498859355	1
46499069976	1
46499919431	1
46500193798	1
46500270348	1
46501218524	1
46501254170	1
46501556507	1
46501596685	1
46501757633	1
46501899629	1
46502111175	1
46502166478	1
46502180289	1
46502204073	1
46502990995	1
46503721706	1
46503807548	1
46504341412	1
46504585901	1
46504981151	1
46505874561	1
46506165873	1
46506173090	1
46508177548	1
46508400623	1
46509047861	1
46509596140	1
46509695890	1
46510302636	1
46510980018	1
46511638487	1
46511672687	1
46511761371	1
46511880398	1
46512114908	1
46512316380	1
46512581894	1
46512770314	1
46512928382	1
46513386254	1
46513632626	1
46514236329	1
46514330222	1
46514489445	1
46514560997	1
46514873783	1
46515242396	1
46515600788	1
46515864767	1
46516638597	1
46516922791	1
46517106565	1
46518240931	1
46518621424	1
46518805375	1
46518963229	1
46519231035	1
46519340635	1
46520025770	1
46520089881	1
46520263200	1
46520295517	1
46520299902	1
46520470193	1
46520547160	1
46520776985	1
46521201037	1
46521461358	1
46521761410	1
46522250155	1
46522267729	1
46523114832	1
46523345488	1
46524002052	1
46524926157	1
46524966691	1
46525053375	1
46525073547	1
46525336408	1
46525567421	1
46525602403	1
46525712190	1
46525986425	1
46526033557	1
46526362915	1
46526917978	1
46527251482	1
46527322641	1
46527377989	1
46527540390	1
46528170304	1
46528442534	1
46528522962	1
46528547171	1
46529000264	1
46529005858	1
46529612099	1
46530033030	1
46530287606	1
46530482718	1
46530597459	1
46530667488	1
46530725997	1
46530761107	1
46531613186	1
46531687786	1
46531989638	1
46531991824	1
46532870973	1
46533541432	1
46534175716	1
46534727294	1
46535015785	1
46535479372	1
46535887822	1
46535931685	1
46536053473	1
46536543147	1
46537383827	1
46537610573	1
46537860332	1
46537861748	1
46538354866	1
46538690823	1
46538846224	1
46543191442	1
46544844666	1
46545629781	1
46547562888	1
46547649052	1
46547750847	1
46547883453	1
46548135447	1
46548959698	1
46550266730	1
46550528205	1
46550801685	1
46551508220	1
46552686523	1
46553510597	1
46555348265	1
46557714352	1
46559227371	1
46560810379	1
46561979503	1
46562152585	1
46562171310	1
46562535976	1
46562816802	1
46562855566	1
46562864586	1
46562899191	1
46563003338	1
46563010168	1
46563082940	1
46563226458	1
46564152478	1
46566056984	1
46566640615	1
46568174649	1
46568269959	1
46568886866	1
46569693203	1
46571602444	1
46572363930	1
46575541714	1
46581342935	1
46582357079	1
46584242805	1
46586864055	1
46498308953	1
46499005934	1
46499046117	1
46499104578	1
46499594407	1
46499816618	1
46500848348	1
46501952070	1
46502655973	1
46506040504	1
46506875281	1
46507175999	1
46507894423	1
46508310720	1
46508665879	1
46509447361	1
46510120344	1
46510678022	1
46511496656	1
46511777175	1
46511864994	1
46511924527	1
46514048862	1
46514142507	1
46516341066	1
46518457620	1
46518923239	1
46519755256	1
46520621109	1
46520640337	1
46520868944	1
46520956873	1
46521386472	1
46522122738	1
46522812555	1
46523603667	1
46523903758	1
46524680430	1
46526319593	1
46527143970	1
46527326437	1
46527486735	1
46527662814	1
46529113894	1
46529707427	1
46529865817	1
46530000746	1
46530081987	1
46530794793	1
46531087569	1
46531642240	1
46532101154	1
46532106852	1
46534082777	1
46534769634	1
46535360673	1
46535786140	1
46535961462	1
46536263036	1
46537884119	1
46539099243	1
46539742514	1
46540668789	1
46457099094	1
46458111425	1
46459261188	1
46461034377	1
46462100832	1
46462863994	1
46466263903	1
46466522099	1
46466771743	1
46467075602	1
46468104653	1
46468957694	1
46469259625	1
46469570483	1
46470421864	1
46472089502	1
46472310813	1
46472372173	1
46472405630	1
46472900225	1
46473440673	1
46473592029	1
46473997409	1
46474430909	1
46475162591	1
46475164294	1
46475811001	1
46477151407	1
46477170480	1
46477718416	1
46480139236	1
46481124154	1
46481451323	1
46481944502	1
46485216693	1
46485677254	1
46488551617	1
46488805889	1
46489394621	1
46489411557	1
46490065285	1
46490280714	1
46490394253	1
46492268124	1
46493191111	1
46497820195	1
46403401379	1
46405800062	1
46407253695	1
46408110735	1
46408832082	1
46408969560	1
46409071635	1
46409363318	1
46410084112	1
46410320106	1
46410419659	1
46412394497	1
46415646403	1
46415834224	1
46416891718	1
46417294404	1
46419780187	1
46419861611	1
46420109869	1
46420163109	1
46420858280	1
46420964270	1
46421232311	1
46421369998	1
46421598554	1
46421629900	1
46421722792	1
46421886924	1
46421917134	1
46422083854	1
46422119151	1
46422595551	1
46422797690	1
46422868120	1
46422905595	1
46423023641	1
46423369017	1
46423722130	1
46423968023	1
46424198857	1
46425185306	1
46425747213	1
46427822250	1
46428006889	1
46428978654	1
46429793176	1
46430051092	1
46430079286	1
46430115029	1
46430332739	1
46430522440	1
46430522848	1
46430817082	1
46430834634	1
46431053541	1
46431171816	1
46431379977	1
46431629720	1
46431644641	1
46431647749	1
46431677926	1
46431771959	1
46432041242	1
46432397849	1
46432537611	1
46432547508	1
46432562070	1
46432593367	1
46432642176	1
46433098522	1
46433637712	1
46436232576	1
46438261942	1
46441112697	1
46441266934	1
46442144753	1
46442386363	1
46443151333	1
46443154737	1
46443846167	1
46445046106	1
46445117584	1
46445386430	1
46445551659	1
46446544913	1
46448120839	1
46448413734	1
46449395343	1
46449600299	1
46449989960	1
46450172919	1
46450464813	1
46450540806	1
46451077590	1
46451090650	1
46451180874	1
46451730295	1
46264286710	1
46267278169	1
46267708231	1
46268138900	1
46268427184	1
46268679339	1
46269363678	1
46269733052	1
46270806535	1
46271013242	1
46271418548	1
46271919480	1
46272521231	1
46272879225	1
46273269057	1
46273953073	1
46274469993	1
46275095760	1
46275601953	1
46275932880	1
46276050538	1
46276082048	1
46278734845	1
46278745855	1
46278780676	1
46280758786	1
46280916762	1
46281762366	1
46282220953	1
46282467081	1
46283227434	1
46283288723	1
46283594663	1
46284279710	1
46284342606	1
46285168571	1
46286820083	1
46287090197	1
46287105818	1
46287564747	1
46287567049	1
46287838564	1
46288654122	1
46289461306	1
46289879959	1
46291058082	1
46292374042	1
46295540025	1
46296405710	1
46297633649	1
46297955706	1
46298010555	1
46298669991	1
46299837580	1
46301715837	1
46301764881	1
46305380051	1
46306335131	1
46306434527	1
46306854800	1
46219783343	1
46220127203	1
46220926768	1
46221617683	1
46221796523	1
46227150771	1
46230743900	1
46233899084	1
46234070168	1
46234585853	1
46235056210	1
46235369034	1
46235716633	1
46235789825	1
46236120948	1
46236201508	1
46236467993	1
46238148731	1
46239517744	1
46239998627	1
46240275409	1
46241052383	1
46243301831	1
46246164526	1
46246622361	1
46249426744	1
46249642420	1
46250252866	1
46250626497	1
46250797902	1
46251290613	1
46251723887	1
46254705474	1
46254756340	1
46255455115	1
46255631006	1
46255687438	1
46256113946	1
46256197263	1
46257727140	1
46258363337	1
46260497510	1
46260687676	1
46260756710	1
46261444618	1
46262271664	1
46262279794	1
46172847421	1
46173249701	1
46173984212	1
46174132699	1
46175128339	1
46175626974	1
46175661874	1
46175728714	1
46175758090	1
46176304372	1
46176699524	1
46177232498	1
46177280591	1
46177685625	1
46177693044	1
46178818947	1
46178949277	1
46181057593	1
46181322213	1
46181326427	1
46181429152	1
46181926972	1
46182105927	1
46182190755	1
46182509363	1
46182626875	1
46183315588	1
46183911953	1
46185115426	1
46185401159	1
46185759974	1
46186286935	1
46186703011	1
46188578367	1
46189357830	1
46189402693	1
46190516389	1
46190569863	1
46191244052	1
46191290579	1
46191321452	1
46191568518	1
46191764258	1
46192032883	1
46192176374	1
46192260402	1
46192402229	1
46192555682	1
46192965948	1
46193395117	1
46193403954	1
46193778232	1
46193818810	1
46193869136	1
46193935493	1
46194014609	1
46194021989	1
46194249307	1
46194398234	1
46194532387	1
46195002771	1
46195408370	1
46195600926	1
46195770358	1
46195858861	1
46196092575	1
46196912371	1
46196992767	1
46197038377	1
46197161693	1
46197712877	1
46197791695	1
46197957744	1
46198066570	1
46198294282	1
46198386746	1
46198521278	1
46198551318	1
46199066889	1
46199580827	1
46200129104	1
46200211590	1
46200426221	1
46200717587	1
46200756552	1
46201455732	1
46201457344	1
46202313006	1
46202413328	1
46203515224	1
46203959027	1
46204262713	1
46204740503	1
46205392520	1
46205935457	1
46206288679	1
46206564321	1
46206911031	1
46207435634	1
46209123844	1
46210733312	1
46210864328	1
46211096374	1
46211477487	1
46212937577	1
46214154879	1
46217501279	1
46217727724	1
46174718275	1
46174964746	1
46175416061	1
46175830247	1
46177103078	1
46177230837	1
46179876075	1
46180293863	1
46182924915	1
46183945269	1
46183974111	1
46184236542	1
46184800796	1
46185334142	1
46189283250	1
46189816479	1
46191848902	1
46192109736	1
46192195248	1
46192259794	1
46193299429	1
46194509161	1
46194665322	1
46194755168	1
46195621206	1
46195656970	1
46197085727	1
46197447831	1
46197883503	1
46199193552	1
46199698951	1
46204368838	1
46204481228	1
46204999272	1
46207247667	1
46209269338	1
46209793669	1
46209874522	1
46210052740	1
46210303128	1
46211098866	1
46212210753	1
46213103140	1
46213628766	1
46129988279	1
46132199475	1
46132760712	1
46132872039	1
46133446118	1
46133448460	1
46133597253	1
46133601723	1
46133725256	1
46134807815	1
46135538131	1
46136101599	1
46136327597	1
46136815839	1
46137055055	1
46137674486	1
46138512223	1
46139039670	1
46139945963	1
46141570227	1
46141660264	1
46141989447	1
46142052944	1
46142281177	1
46142359971	1
46142547533	1
46143026655	1
46143415677	1
46145680699	1
46146416722	1
46146583545	1
46146769791	1
46146786048	1
46147247337	1
46147933627	1
46148431860	1
46149305906	1
46149914516	1
46150054162	1
46150573810	1
46150886337	1
46153395756	1
46154110461	1
46154231160	1
46154543562	1
46155221623	1
46156796912	1
46157632474	1
46157775919	1
46159470590	1
46162421694	1
46162760277	1
46163687457	1
46165024397	1
46165553485	1
46165698660	1
46166045202	1
46167899943	1
46168354952	1
46168492756	1
46169114373	1
46171568919	1
46082578300	1
46084069321	1
46085983400	1
46086053877	1
46086372856	1
46086478735	1
46087273767	1
46087714803	1
46089308063	1
46092836960	1
46092954785	1
46093770122	1
46097067612	1
46098291276	1
46098435716	1
46103057021	1
46103983933	1
46104408009	1
46104845044	1
46104899915	1
46105471193	1
46105914570	1
46107001737	1
46107966135	1
46108661654	1
46108830659	1
46111025517	1
46111284698	1
46112364884	1
46113314738	1
46114915867	1
46115000611	1
46115603119	1
46117953277	1
46118400507	1
46119850619	1
46121029703	1
46121797984	1
46122327905	1
46124723592	1
46126010396	1
46126069891	1
46126965566	1
45915817946	1
45920900977	1
45922132222	1
45923433677	1
45924294038	1
45925671039	1
45926303141	1
45927711819	1
45928644287	1
45929642374	1
45930433158	1
45931384228	1
45931605315	1
45932300590	1
45932364310	1
45932655090	1
45933368418	1
45936999983	1
45937974609	1
45940017392	1
45940711167	1
45941491816	1
45941557538	1
45943964760	1
45945342039	1
45947621784	1
45948675526	1
45949498499	1
45949729715	1
45950525054	1
45952509788	1
45954456469	1
45955086938	1
45955248523	1
45955535604	1
45955960724	1
45956533137	1
45956801210	1
45956840760	1
45957345351	1
45958308634	1
45958839101	1
45958874427	1
45959125218	1
45961278314	1
45961958334	1
45962352097	1
45962361235	1
45962863246	1
45963346621	1
45964307492	1
45967309861	1
45968661443	1
45971429207	1
45858189137	1
45859491664	1
45861321341	1
45863258859	1
45863415478	1
45864110520	1
45864123425	1
45865411834	1
45866768966	1
45868260042	1
45871474941	1
45872298611	1
45872719264	1
45873731513	1
45875111453	1
45877948700	1
45878055681	1
45878292284	1
45882866436	1
45884159599	1
45884972046	1
45887070959	1
45887135694	1
45888366587	1
45888904495	1
45894876846	1
45895519448	1
45897902189	1
45899520552	1
45902020003	1
45904524961	1
45904670468	1
45911623333	1
45911936448	1
45799416801	1
45799478938	1
45799907271	1
45800458526	1
45800658280	1
45801776537	1
45804074579	1
45806315772	1
45806410273	1
45807367116	1
45808054075	1
45808227372	1
45809075053	1
45810857143	1
45810927994	1
45811293601	1
45811648540	1
45811771626	1
45812019051	1
45812591999	1
45813204126	1
45813357335	1
45813858553	1
45813992975	1
45814126217	1
45814197094	1
45814311964	1
45814573419	1
45814827095	1
45815494820	1
45815635332	1
45815759679	1
45815972218	1
45816298404	1
45816452491	1
45816795934	1
45817059709	1
45817783194	1
45818444530	1
45818780944	1
45819089614	1
45819235767	1
45820177318	1
45820268428	1
45820454219	1
45820728817	1
45820776671	1
45820786609	1
45821147451	1
45821963843	1
45823045901	1
45823667213	1
45823762566	1
45823908227	1
45823912169	1
45824172961	1
45824482459	1
45825013259	1
45825073901	1
45825258192	1
45825312939	1
45826046397	1
45826828994	1
45826908135	1
45827000377	1
45828087378	1
45828233271	1
45828370226	1
45828526771	1
45828560429	1
45828851757	1
45829359835	1
45829839810	1
45832580061	1
45832595814	1
45832627923	1
45833198860	1
45833244688	1
45833278724	1
45833875392	1
45835715843	1
45835855368	1
45836049810	1
45837413849	1
45837502022	1
45837532834	1
45837732713	1
45838590129	1
45839115888	1
45839413791	1
45840633029	1
45841600980	1
45841813484	1
45841880101	1
45842146661	1
45842189719	1
45843345999	1
45843665676	1
45845226565	1
45846164827	1
45846234470	1
45846512113	1
45848657387	1
45848863124	1
45848990237	1
45850041330	1
45853023110	1
45853763681	1
45854279115	1
45854711150	1
45801041262	1
45803800092	1
45807994535	1
45808227372	1
45808533040	1
45809164364	1
45810302926	1
45810930134	1
45812537698	1
45812858923	1
45815145001	1
45815155653	1
45815541922	1
45815596001	1
45816078166	1
45817236815	1
45817512771	1
45817780134	1
45818440687	1
45820069837	1
45820372480	1
45822688735	1
45823849211	1
45824359678	1
45825405739	1
45825981534	1
45826561850	1
45826636521	1
45827881654	1
45828420441	1
45831503167	1
45831677688	1
45832270679	1
45834507096	1
45834751654	1
45840518969	1
45840544559	1
45840606496	1
45840790559	1
45845245794	1
45846131748	1
45846623987	1
45846644326	1
45846772187	1
45849212201	1
45852645827	1
45854017250	1
45742898966	1
45747441589	1
45747539756	1
45747676270	1
45749118430	1
45750780629	1
45754468049	1
45755882541	1
45758051995	1
45759023408	1
45760893279	1
45763407880	1
45763689469	1
45765482250	1
45765857412	1
45766110229	1
45766341925	1
45768950507	1
45770387082	1
45770581735	1
45770643856	1
45770731834	1
45772245216	1
45772734647	1
45772800540	1
45773679302	1
45778120745	1
45778315714	1
45778694576	1
45779246633	1
45779573308	1
45779855331	1
45782655106	1
45782916245	1
45783699095	1
45783763096	1
45784027120	1
45786905940	1
45787498981	1
45787650379	1
45787948518	1
45791783610	1
45792000593	1
45792659952	1
45792796598	1
45795382175	1
45687739027	1
45687740174	1
45687800985	1
45690059705	1
45690859264	1
45690868212	1
45691760361	1
45692027612	1
45692752397	1
45694494849	1
45697383038	1
45699784910	1
45702180269	1
45703582268	1
45703845739	1
45705182798	1
45705706178	1
45705754382	1
45705825891	1
45709007872	1
45709379937	1
45709521431	1
45711508093	1
45712273360	1
45714847179	1
45716481383	1
45718230887	1
45719002955	1
45719855383	1
45719986851	1
45720346890	1
45723048577	1
45723734313	1
45725516105	1
45727720394	1
45728165469	1
45728976185	1
45730310493	1
45731044687	1
45731146678	1
45732826363	1
45733573041	1
45736072309	1
45736848975	1
45740932252	1
45740967153	1
44942643644	1
44845638491	1
44847178916	1
44847204565	1
44847211793	1
44847222828	1
44848749079	1
44849036024	1
44850150894	1
44850293088	1
44850926147	1
44853505921	1
44855954253	1
44857419678	1
44862721591	1
44863816024	1
44864381599	1
44864885717	1
44866487623	1
44867650659	1
44868748056	1
44870751363	1
44871114781	1
44874567385	1
44878274562	1
44878533529	1
44880694634	1
44885350508	1
44888298426	1
44889067014	1
44796030404	1
44796416521	1
44796855250	1
44797005795	1
44797265405	1
44797679137	1
44797843104	1
44797893795	1
44797960594	1
44798027628	1
44798045478	1
44798049751	1
44747805873	1
44748369000	1
44748452933	1
44749765119	1
44749847561	1
44750579763	1
44751039849	1
44751102201	1
44751301831	1
44751349360	1
44751516382	1
44752271348	1
44752841339	1
44753080929	1
44753457548	1
44753704661	1
44755057552	1
44755781392	1
44755864367	1
44757918269	1
44758396805	1
44759118903	1
44759828422	1
44759869188	1
44760936557	1
44760972079	1
44761573848	1
44761598561	1
44761891114	1
44762003467	1
44762217202	1
44762225624	1
44762582718	1
44763080807	1
44763343064	1
44763765679	1
44763988417	1
44764027981	1
44764242194	1
44764568103	1
44764943506	1
44765537776	1
44765611515	1
44767448278	1
44768103051	1
44768904455	1
44769100052	1
44769105199	1
44769853573	1
44771510167	1
44771774667	1
44772600424	1
44772637742	1
44772947356	1
44772966159	1
44773498072	1
44774439169	1
44774605807	1
44775375906	1
44775957219	1
44776397118	1
44777806797	1
44778222046	1
44778260930	1
44783369664	1
44784670672	1
44788449280	1
44788702560	1
44789374556	1
44791077466	1
44792228814	1
44793080070	1
44793397423	1
44793482184	1
44794217192	1
44794626576	1
44794799648	1
44794800931	1
44748031865	1
44748038036	1
44748085453	1
44748098022	1
44748514328	1
44748538182	1
44749079908	1
44750231445	1
44750288751	1
44750366923	1
44750588988	1
44748034418	1
44700566020	1
44701179090	1
44701229166	1
44701278167	1
44702419972	1
44702695069	1
44704590735	1
44707685112	1
44709142648	1
44714204199	1
44714251184	1
44715985025	1
44717713828	1
44718732177	1
44719743486	1
44721059055	1
44721462371	1
44721739412	1
44722187121	1
44723353210	1
44723875789	1
44724048853	1
44726336371	1
44727784984	1
44728032740	1
44729171172	1
44730394228	1
44733455468	1
44733680767	1
44734076604	1
44734821409	1
44735501384	1
44735520809	1
44735979400	1
44737271821	1
44737310807	1
44737471268	1
44742843641	1
44652821318	1
44656285742	1
44656340112	1
44657655253	1
44657702833	1
44657817085	1
44659202838	1
44659643145	1
44663340450	1
44665288705	1
44665648076	1
44665678944	1
44665899216	1
44666595827	1
44669973810	1
44672098679	1
44673445160	1
44673628773	1
44674873492	1
44675623037	1
44678794408	1
44679836243	1
44680581002	1
44681084711	1
44681596938	1
44682844205	1
44682942399	1
44684779626	1
44685495849	1
44686048031	1
44686810984	1
44687612459	1
44687617675	1
44688185972	1
44688297793	1
44688341138	1
44688740058	1
44689168056	1
44689716909	1
44689734033	1
44689807924	1
44690004718	1
44690280101	1
44690592582	1
44690745906	1
44691079309	1
44691810103	1
44692128167	1
44692954874	1
44693933528	1
44695505226	1
44697638102	1
44513557811	1
44514321601	1
44516556370	1
44516735593	1
44517468701	1
44518909542	1
44519127358	1
44521332568	1
44521359301	1
44521374443	1
44521469240	1
44522584253	1
44522876138	1
44524604409	1
44528993834	1
44531455138	1
44532746893	1
44533998445	1
44534925750	1
44536231628	1
44536368070	1
44536865953	1
44536917961	1
44537528556	1
44537694368	1
44538838349	1
44539649545	1
44539886074	1
44540604616	1
44541095504	1
44544046450	1
44544570744	1
44544625183	1
44544748775	1
44544819887	1
44547400421	1
44548453679	1
44548690975	1
44552753445	1
44553411278	1
44554468685	1
44554592179	1
44554612984	1
44555438180	1
44462917553	1
44464223712	1
44466467794	1
44466702840	1
44466855840	1
44466928836	1
44467243605	1
44467301231	1
44467575445	1
44467882880	1
44468726050	1
44469846021	1
44470462369	1
44471425940	1
44471838522	1
44472067817	1
44472202024	1
44473966627	1
44474201512	1
44474605600	1
44474781038	1
44474793874	1
44475057889	1
44475109820	1
44475210226	1
44475435146	1
44475496898	1
44476345044	1
44477103073	1
44477642877	1
44478711304	1
44478856972	1
44479490074	1
44480019091	1
44481380232	1
44481417130	1
44481506627	1
44481540481	1
44482487730	1
44483873265	1
44484165420	1
44484250099	1
44484606726	1
44484708211	1
44484873402	1
44484876765	1
44485007947	1
44485285924	1
44485354320	1
44485974452	1
44486250661	1
44486429383	1
44486584477	1
44487529138	1
44489235409	1
44489243826	1
44489618964	1
44489889597	1
44491092002	1
44491310067	1
44493536640	1
44494963422	1
44495873593	1
44496030178	1
44496938907	1
44497512972	1
44497841035	1
44499071747	1
44499765991	1
44499895782	1
44501316922	1
44501906940	1
44502586478	1
44502809501	1
44502833607	1
44502844729	1
44505142476	1
44509538161	1
44463135744	1
44463901951	1
44464019440	1
44464331138	1
44466586992	1
44466689961	1
44467025198	1
44467348233	1
44469688367	1
44473818254	1
44474252061	1
44474655668	1
44474861060	1
44475405435	1
44476041745	1
44476078061	1
44476118553	1
44477075077	1
44477107284	1
44477365525	1
44481927289	1
44482166772	1
44482661630	1
44483268470	1
44484120987	1
44487754937	1
44487980003	1
44488428064	1
44488477555	1
44491072747	1
44491646840	1
44495885139	1
44498914213	1
44500345308	1
44417852831	1
44420535658	1
44420643383	1
44420708023	1
44421108153	1
44421331994	1
44422839654	1
44424025926	1
44429238646	1
44429859438	1
44431596489	1
44434518375	1
44435225752	1
44435540597	1
44435813122	1
44435886997	1
44436316183	1
44439444738	1
44439569340	1
44440217880	1
44442014828	1
44443352257	1
44444921595	1
44445164739	1
44445290131	1
44445417702	1
44448771368	1
44448864396	1
44449287539	1
44453950362	1
44454423102	1
44459314836	1
44460109755	1
44461854351	1
44371873933	1
44372980914	1
44373242226	1
44373833578	1
44376856998	1
44378896795	1
44379638953	1
44379648615	1
44381083922	1
44381676300	1
44381971860	1
44382282326	1
44386464735	1
44389974818	1
44390646361	1
44391505062	1
44392313751	1
44392477265	1
44392857720	1
44393189786	1
44393795362	1
44393929290	1
44394541670	1
44394937343	1
44398031305	1
44398610563	1
44398737168	1
44399054650	1
44399745429	1
44400870257	1
44401519523	1
44401717339	1
44402195408	1
44402523067	1
44403039935	1
44404881496	1
44405666070	1
44409073062	1
44411868326	1
44412451313	1
44412690279	1
44413693104	1
44414269078	1
44416023102	1
44321415096	1
44324151279	1
44324641686	1
44324788968	1
44325172210	1
44329694298	1
44332709941	1
44334985378	1
44338548192	1
44338656342	1
44340521817	1
44341215912	1
44342298303	1
44342350936	1
44342665840	1
44344745615	1
44346463131	1
44347586347	1
44349033317	1
44350154938	1
44350286404	1
44350352188	1
44353999557	1
44359816084	1
44368016592	1
44174679062	1
44176093454	1
44177503821	1
44177946571	1
44178168016	1
44178318130	1
44178318731	1
44179006887	1
44181277056	1
44181441598	1
44184679061	1
44184728227	1
44185344223	1
44187750668	1
44187807365	1
44188069736	1
44188093416	1
44188629328	1
44189549224	1
44189908007	1
44190111775	1
44190141191	1
44190353080	1
44195230676	1
44196718051	1
44198891734	1
44200274688	1
44200453073	1
44200601529	1
44202342138	1
44202874733	1
44205604957	1
44205906823	1
44206433067	1
44207067368	1
44208237905	1
44208328835	1
44210109584	1
44213260815	1
44217932005	1
44218479967	1
44127827153	1
44128073817	1
44128555975	1
44128758626	1
44128800406	1
44128855211	1
44128874508	1
44128878649	1
44130409665	1
44130418279	1
44132724358	1
44132824918	1
44133754761	1
44134431871	1
44135937906	1
44136152030	1
44136416779	1
44136493720	1
44137414915	1
44137794805	1
44138422011	1
44139250946	1
44140731571	1
44143732727	1
44144018261	1
44144829842	1
44144947914	1
44146606967	1
44147204484	1
44147354262	1
44147552822	1
44147908371	1
44148636697	1
44148726427	1
44150156629	1
44150251191	1
44151280931	1
44151314908	1
44151701931	1
44152335671	1
44152540686	1
44152736867	1
44152921165	1
44153312380	1
44153575718	1
44153730896	1
44153973708	1
44154955995	1
44155235416	1
44155844865	1
44159964150	1
44160085282	1
44160538960	1
44160777824	1
44161290670	1
44161821688	1
44162596654	1
44163718260	1
44163890809	1
44164958316	1
44165271235	1
44165981516	1
44166996780	1
44167129957	1
44167251183	1
44167451543	1
44168480808	1
44168716490	1
44168869425	1
44172971368	1
44128790356	1
44129220231	1
44129542084	1
44129645605	1
44134146781	1
44134794219	1
44136091049	1
44137887002	1
44139127198	1
44139138249	1
44140088804	1
44140654833	1
44141236168	1
44141250307	1
44141656401	1
44142971417	1
44146834871	1
44148503314	1
44148523001	1
44148733650	1
44149004988	1
44149580822	1
44150432027	1
44150713839	1
44152296125	1
44152729632	1
44152899142	1
44159480194	1
44159533372	1
44160442864	1
44161560656	1
44161867343	1
44162322139	1
44162815218	1
44164055329	1
44167220321	1
44169182292	1
44169228704	1
44171883616	1
44075823283	1
44075847036	1
44076056293	1
44077260900	1
44079367170	1
44081696040	1
44087066925	1
44087090522	1
44088480931	1
44088683079	1
44088813237	1
44089744609	1
44090229575	1
44091656953	1
44094835159	1
44098364702	1
44098671169	1
44099009260	1
44099526902	1
44100584738	1
44100662912	1
44101685441	1
44101857720	1
44101994025	1
44102352335	1
44103454311	1
44104005872	1
44105575984	1
44106946307	1
44107132392	1
44108958820	1
44110313273	1
44111726201	1
44115872602	1
44117441924	1
44119662261	1
44120002421	1
44121676205	1
44030641835	1
44031053110	1
44031514857	1
44034062365	1
44038434594	1
44038537377	1
44038919283	1
44039247503	1
44040295008	1
44040676108	1
44044089850	1
44044094609	1
44046230039	1
44049898935	1
44049930839	1
44050576929	1
44051052383	1
44052270932	1
44053448594	1
44053464468	1
44054565676	1
44054897433	1
44055146368	1
44055628218	1
44058838058	1
44064309465	1
44065854642	1
44066771135	1
44067394141	1
44067634426	1
44070510241	1
44071364695	1
44073488352	1
44074749143	1
43975439646	1
43976787627	1
43979648596	1
43981089396	1
43983830590	1
43983985774	1
43984897132	1
43984970092	1
43985392729	1
43986005784	1
43986581762	1
43986812014	1
43987038718	1
43987345860	1
43990622679	1
43994454594	1
43996212867	1
43998375160	1
43999532945	1
44000501446	1
44001233356	1
44001439098	1
44001439098	1
44001464324	1
44004539325	1
44004965776	1
44006711044	1
44011556325	1
44015549403	1
44018859651	1
44024915232	1
44027987166	1
43975474527	1
43975528743	1
43975617173	1
43975902877	1
43975991209	1
43976330240	1
43839259561	1
43839873334	1
43840135199	1
43843460319	1
43843748362	1
43845316827	1
43846422161	1
43846653717	1
43848064305	1
43850321030	1
43850829889	1
43851403262	1
43852111185	1
43852265510	1
43853474908	1
43854585767	1
43856503007	1
43858952198	1
43862321780	1
43864568542	1
43872652829	1
43872719459	1
43874409405	1
43875854883	1
43876389436	1
43835210403	1
43835944036	1
43836198187	1
43836337525	1
43836366477	1
43836424270	1
43836994698	1
43837118566	1
43837584357	1
43837692615	1
43837712099	1
43837751036	1
43837761218	1
43837768824	1
43837781267	1
43837854087	1
43787341741	1
43788392697	1
43789002785	1
43790512806	1
43791658450	1
43791854128	1
43791972511	1
43792287808	1
43792321347	1
43792394027	1
43792872931	1
43793449219	1
43793912394	1
43794760600	1
43796968271	1
43800503837	1
43802017308	1
43802720661	1
43802740656	1
43803284111	1
43803788683	1
43804187816	1
43805726425	1
43806127782	1
43806460399	1
43808291806	1
43809539721	1
43809848970	1
43809879975	1
43810082453	1
43810109457	1
43810627370	1
43811585313	1
43812583690	1
43812644671	1
43814136596	1
43814245898	1
43816443762	1
43817520641	1
43818091833	1
43818172653	1
43818525757	1
43819499406	1
43819781831	1
43820203633	1
43820475246	1
43821086665	1
43823631245	1
43823712222	1
43824037725	1
43825907650	1
43826802712	1
43827101523	1
43827833672	1
43828464467	1
43828964155	1
43830931119	1
43832352992	1
43787748523	1
43788071572	1
43788951976	1
43790756135	1
43791920723	1
43792307626	1
43792805881	1
43797230832	1
43801061742	1
43804655191	1
43805699936	1
43805782233	1
43806371906	1
43806955152	1
43807456654	1
43808838174	1
43808841699	1
43809123304	1
43810097898	1
43810143136	1
43811581519	1
43811709491	1
43813963485	1
43815638121	1
43817191157	1
43817556856	1
43817658979	1
43817800570	1
43817843353	1
43820517403	1
43820788371	1
43822282824	1
43823142396	1
43823687882	1
43825064161	1
43827159219	1
43828432628	1
43828856900	1
43833050072	1
43833176849	1
43833342525	1
43834183756	1
